/Users/manuel/Documents/GitHub/reversing-fronius-wr/logger/venv/bin/python /Users/manuel/Documents/GitHub/reversing-fronius-wr/logger/main.py
Connected to: /dev/cu.usbserial-A50285BI
MSG to BYD
Request recieved
CRC - OK: (228, 58)
MSG: [1, 3, 1, 2, 0, 16, 228, 58]
Register: 
MSG to BYD
found reply
 ->Length: 32
CRC OK: (217, 122)
MSG: [1, 3, 32, 8, 250, 0, 0, 15, 140, 0, 0, 0, 95, 0, 0, 18, 160, 0, 0, 240, 253, 255, 255, 0, 25, 0, 0, 0, 0, 0, 0, 1, 244, 0, 0, 217, 122]
MSG to BYD
Request recieved
CRC - OK: (165, 239)
MSG: [1, 3, 1, 30, 0, 42, 165, 239]
Register: 
MSG to BYD
found reply
 ->Length: 84
CRC OK: (74, 154)
MSG: [1, 3, 84, 15, 125, 0, 0, 9, 1, 0, 0, 6, 68, 0, 0, 2, 1, 0, 0, 13, 114, 0, 0, 242, 181, 255, 255, 0, 149, 0, 0, 15, 174, 0, 0, 8, 249, 0, 0, 254, 51, 255, 255, 252, 201, 255, 255, 3, 73, 0, 0, 255, 83, 255, 255, 252, 46, 255, 255, 15, 121, 0, 0, 8, 245, 0, 0, 2, 45, 0, 0, 1, 149, 0, 0, 1, 228, 0, 0, 254, 247, 255, 255, 3, 68, 0, 0, 74, 154]
MSG to BYD
Request recieved
CRC - OK: (228, 58)
MSG: [1, 3, 1, 2, 0, 16, 228, 58]
Register: 
MSG to BYD
found reply
 ->Length: 32
CRC OK: (234, 201)
MSG: [1, 3, 32, 8, 250, 0, 0, 15, 139, 0, 0, 0, 88, 0, 0, 18, 213, 0, 0, 240, 245, 255, 255, 0, 23, 0, 0, 0, 0, 0, 0, 1, 244, 0, 0, 234, 201]
MSG to BYD
Request recieved
CRC - OK: (165, 239)
MSG: [1, 3, 1, 30, 0, 42, 165, 239]
Register: 
MSG to BYD
found reply
 ->Length: 84
CRC OK: (55, 186)
MSG: [1, 3, 84, 15, 124, 0, 0, 9, 1, 0, 0, 6, 69, 0, 0, 1, 249, 0, 0, 13, 114, 0, 0, 242, 179, 255, 255, 0, 147, 0, 0, 15, 173, 0, 0, 8, 248, 0, 0, 254, 44, 255, 255, 252, 176, 255, 255, 3, 97, 0, 0, 255, 88, 255, 255, 252, 43, 255, 255, 15, 121, 0, 0, 8, 245, 0, 0, 2, 49, 0, 0, 1, 175, 0, 0, 2, 1, 0, 0, 254, 235, 255, 255, 3, 73, 0, 0, 55, 186]
MSG to BYD
Request recieved
CRC - OK: (228, 58)
MSG: [1, 3, 1, 2, 0, 16, 228, 58]
Register: 
MSG to BYD
found reply
 ->Length: 32
CRC OK: (234, 201)
MSG: [1, 3, 32, 8, 250, 0, 0, 15, 139, 0, 0, 0, 88, 0, 0, 18, 213, 0, 0, 240, 245, 255, 255, 0, 23, 0, 0, 0, 0, 0, 0, 1, 244, 0, 0, 234, 201]
MSG to BYD
Request recieved
CRC - OK: (165, 239)
MSG: [1, 3, 1, 30, 0, 42, 165, 239]
Register: 
MSG to BYD
found reply
 ->Length: 84
CRC OK: (136, 136)
MSG: [1, 3, 84, 15, 145, 0, 0, 9, 1, 0, 0, 6, 66, 0, 0, 1, 229, 0, 0, 13, 110, 0, 0, 242, 181, 255, 255, 0, 147, 0, 0, 15, 135, 0, 0, 8, 249, 0, 0, 254, 34, 255, 255, 252, 142, 255, 255, 3, 129, 0, 0, 255, 90, 255, 255, 252, 43, 255, 255, 15, 141, 0, 0, 8, 245, 0, 0, 2, 19, 0, 0, 0, 196, 0, 0, 1, 50, 0, 0, 255, 22, 255, 255, 3, 73, 0, 0, 136, 136]
MSG to BYD
Request recieved
CRC - OK: (228, 58)
MSG: [1, 3, 1, 2, 0, 16, 228, 58]
Register: 
MSG to BYD
found reply
 ->Length: 32
CRC OK: (225, 103)
MSG: [1, 3, 32, 8, 250, 0, 0, 15, 140, 0, 0, 255, 57, 255, 255, 18, 34, 0, 0, 241, 36, 255, 255, 255, 204, 255, 255, 0, 0, 0, 0, 1, 244, 0, 0, 225, 103]
MSG to BYD
Request recieved
CRC - OK: (165, 239)
MSG: [1, 3, 1, 30, 0, 42, 165, 239]
Register: 
MSG to BYD
found reply
 ->Length: 84
CRC OK: (185, 83)
MSG: [1, 3, 84, 15, 145, 0, 0, 9, 1, 0, 0, 6, 66, 0, 0, 1, 229, 0, 0, 13, 110, 0, 0, 242, 181, 255, 255, 0, 141, 0, 0, 15, 135, 0, 0, 8, 249, 0, 0, 254, 34, 255, 255, 252, 142, 255, 255, 3, 129, 0, 0, 255, 90, 255, 255, 252, 41, 255, 255, 15, 141, 0, 0, 8, 245, 0, 0, 2, 19, 0, 0, 0, 196, 0, 0, 1, 50, 0, 0, 255, 22, 255, 255, 2, 130, 0, 0, 185, 83]
MSG to BYD
Request recieved
CRC - OK: (228, 58)
MSG: [1, 3, 1, 2, 0, 16, 228, 58]
Register: 
MSG to BYD
found reply
 ->Length: 32
CRC OK: (109, 33)
MSG: [1, 3, 32, 8, 249, 0, 0, 15, 139, 0, 0, 255, 254, 255, 255, 18, 89, 0, 0, 241, 1, 255, 255, 0, 1, 0, 0, 0, 0, 0, 0, 1, 244, 0, 0, 109, 33]
MSG to BYD
Request recieved
CRC - OK: (165, 239)
MSG: [1, 3, 1, 30, 0, 42, 165, 239]
Register: 
MSG to BYD
found reply
 ->Length: 84
CRC OK: (146, 210)
MSG: [1, 3, 84, 15, 123, 0, 0, 9, 0, 0, 0, 6, 102, 0, 0, 2, 215, 0, 0, 13, 188, 0, 0, 242, 144, 255, 255, 0, 207, 0, 0, 15, 173, 0, 0, 8, 248, 0, 0, 254, 31, 255, 255, 252, 138, 255, 255, 3, 134, 0, 0, 255, 89, 255, 255, 252, 41, 255, 255, 15, 120, 0, 0, 8, 245, 0, 0, 2, 15, 0, 0, 0, 156, 0, 0, 1, 22, 0, 0, 255, 26, 255, 255, 2, 50, 0, 0, 146, 210]
MSG to BYD
Request recieved
CRC - OK: (228, 58)
MSG: [1, 3, 1, 2, 0, 16, 228, 58]
Register: 
MSG to BYD
found reply
 ->Length: 32
CRC OK: (181, 106)
MSG: [1, 3, 32, 8, 250, 0, 0, 15, 140, 0, 0, 255, 0, 255, 255, 17, 243, 0, 0, 241, 34, 255, 255, 255, 189, 255, 255, 0, 0, 0, 0, 1, 244, 0, 0, 181, 106]
MSG to BYD
Request recieved
CRC - OK: (165, 239)
MSG: [1, 3, 1, 30, 0, 42, 165, 239]
Register: 
MSG to BYD
found reply
 ->Length: 84
CRC OK: (153, 138)
MSG: [1, 3, 84, 15, 144, 0, 0, 9, 1, 0, 0, 6, 64, 0, 0, 1, 206, 0, 0, 13, 107, 0, 0, 242, 181, 255, 255, 0, 135, 0, 0, 15, 154, 0, 0, 8, 248, 0, 0, 254, 34, 255, 255, 252, 157, 255, 255, 3, 116, 0, 0, 255, 86, 255, 255, 252, 43, 255, 255, 15, 121, 0, 0, 8, 245, 0, 0, 2, 14, 0, 0, 0, 149, 0, 0, 1, 19, 0, 0, 255, 24, 255, 255, 2, 29, 0, 0, 153, 138]
MSG to BYD
Request recieved
CRC - OK: (228, 58)
MSG: [1, 3, 1, 2, 0, 16, 228, 58]
Register: 
MSG to BYD
found reply
 ->Length: 32
CRC OK: (4, 24)
MSG: [1, 3, 32, 8, 249, 0, 0, 15, 139, 0, 0, 254, 254, 255, 255, 18, 25, 0, 0, 241, 42, 255, 255, 255, 188, 255, 255, 0, 0, 0, 0, 1, 244, 0, 0, 4, 24]
MSG to BYD
Request recieved
CRC - OK: (165, 239)
MSG: [1, 3, 1, 30, 0, 42, 165, 239]
Register: 
MSG to BYD
found reply
 ->Length: 84
CRC OK: (241, 181)
MSG: [1, 3, 84, 15, 143, 0, 0, 9, 0, 0, 0, 6, 66, 0, 0, 1, 242, 0, 0, 13, 111, 0, 0, 242, 181, 255, 255, 0, 145, 0, 0, 15, 154, 0, 0, 8, 248, 0, 0, 254, 27, 255, 255, 252, 119, 255, 255, 3, 152, 0, 0, 255, 91, 255, 255, 252, 40, 255, 255, 15, 120, 0, 0, 8, 245, 0, 0, 2, 14, 0, 0, 0, 148, 0, 0, 1, 17, 0, 0, 255, 27, 255, 255, 2, 30, 0, 0, 241, 181]
MSG to BYD
Request recieved
CRC - OK: (69, 54)
MSG: [1, 3, 4, 0, 0, 16, 69, 54]
Register: 
MSG to BYD
found reply
 ->Length: 32
CRC OK: (144, 97)
MSG: [1, 3, 32, 15, 3, 0, 0, 3, 176, 0, 0, 0, 94, 0, 0, 2, 199, 0, 0, 2, 92, 0, 0, 3, 223, 0, 0, 7, 218, 0, 0, 0, 19, 0, 0, 144, 97]
MSG to BYD
Request recieved
CRC - OK: (228, 58)
MSG: [1, 3, 1, 2, 0, 16, 228, 58]
Register: 
MSG to BYD
found reply
 ->Length: 32
CRC OK: (235, 164)
MSG: [1, 3, 32, 8, 250, 0, 0, 15, 140, 0, 0, 255, 52, 255, 255, 18, 1, 0, 0, 241, 39, 255, 255, 255, 202, 255, 255, 0, 0, 0, 0, 1, 244, 0, 0, 235, 164]
MSG to BYD
Request recieved
CRC - OK: (165, 239)
MSG: [1, 3, 1, 30, 0, 42, 165, 239]
Register: 
MSG to BYD
found reply
 ->Length: 84
CRC OK: (238, 124)
MSG: [1, 3, 84, 15, 144, 0, 0, 9, 1, 0, 0, 6, 70, 0, 0, 2, 1, 0, 0, 13, 116, 0, 0, 242, 178, 255, 255, 0, 149, 0, 0, 15, 154, 0, 0, 8, 248, 0, 0, 254, 38, 255, 255, 252, 151, 255, 255, 3, 121, 0, 0, 255, 88, 255, 255, 252, 42, 255, 255, 15, 122, 0, 0, 8, 246, 0, 0, 2, 20, 0, 0, 0, 155, 0, 0, 1, 18, 0, 0, 255, 30, 255, 255, 2, 55, 0, 0, 238, 124]
MSG to BYD
Request recieved
CRC - OK: (228, 58)
MSG: [1, 3, 1, 2, 0, 16, 228, 58]
Register: 
MSG to BYD
found reply
 ->Length: 32
CRC OK: (235, 164)
MSG: [1, 3, 32, 8, 250, 0, 0, 15, 140, 0, 0, 255, 52, 255, 255, 18, 1, 0, 0, 241, 39, 255, 255, 255, 202, 255, 255, 0, 0, 0, 0, 1, 244, 0, 0, 235, 164]
MSG to BYD
Request recieved
CRC - OK: (165, 239)
MSG: [1, 3, 1, 30, 0, 42, 165, 239]
Register: 
MSG to BYD
found reply
 ->Length: 84
CRC OK: (238, 124)
MSG: [1, 3, 84, 15, 144, 0, 0, 9, 1, 0, 0, 6, 70, 0, 0, 2, 1, 0, 0, 13, 116, 0, 0, 242, 178, 255, 255, 0, 149, 0, 0, 15, 154, 0, 0, 8, 248, 0, 0, 254, 38, 255, 255, 252, 151, 255, 255, 3, 121, 0, 0, 255, 88, 255, 255, 252, 42, 255, 255, 15, 122, 0, 0, 8, 246, 0, 0, 2, 20, 0, 0, 0, 155, 0, 0, 1, 18, 0, 0, 255, 30, 255, 255, 2, 55, 0, 0, 238, 124]
MSG to BYD
Request recieved
CRC - OK: (228, 58)
MSG: [1, 3, 1, 2, 0, 16, 228, 58]
Register: 
MSG to BYD
found reply
 ->Length: 32
CRC OK: (102, 2)
MSG: [1, 3, 32, 8, 250, 0, 0, 15, 140, 0, 0, 255, 154, 255, 255, 18, 10, 0, 0, 241, 41, 255, 255, 255, 229, 255, 255, 0, 0, 0, 0, 1, 244, 0, 0, 102, 2]
MSG to BYD
Request recieved
CRC - OK: (165, 239)
MSG: [1, 3, 1, 30, 0, 42, 165, 239]
Register: 
MSG to BYD
found reply
 ->Length: 84
CRC OK: (49, 172)
MSG: [1, 3, 84, 15, 144, 0, 0, 9, 1, 0, 0, 6, 71, 0, 0, 2, 35, 0, 0, 13, 121, 0, 0, 242, 178, 255, 255, 0, 159, 0, 0, 15, 154, 0, 0, 8, 248, 0, 0, 254, 45, 255, 255, 252, 175, 255, 255, 3, 96, 0, 0, 255, 93, 255, 255, 252, 42, 255, 255, 15, 122, 0, 0, 8, 246, 0, 0, 2, 21, 0, 0, 0, 199, 0, 0, 1, 48, 0, 0, 255, 27, 255, 255, 2, 143, 0, 0, 49, 172]
MSG to BYD
Request recieved
CRC - OK: (228, 58)
MSG: [1, 3, 1, 2, 0, 16, 228, 58]
Register: 
MSG to BYD
found reply
 ->Length: 32
CRC OK: (109, 249)
MSG: [1, 3, 32, 8, 250, 0, 0, 15, 140, 0, 0, 255, 184, 255, 255, 17, 240, 0, 0, 241, 39, 255, 255, 255, 237, 255, 255, 0, 0, 0, 0, 1, 244, 0, 0, 109, 249]
MSG to BYD
Request recieved
CRC - OK: (165, 239)
MSG: [1, 3, 1, 30, 0, 42, 165, 239]
Register: 
MSG to BYD
found reply
 ->Length: 84
CRC OK: (22, 172)
MSG: [1, 3, 84, 15, 144, 0, 0, 9, 1, 0, 0, 6, 70, 0, 0, 2, 30, 0, 0, 13, 118, 0, 0, 242, 181, 255, 255, 0, 157, 0, 0, 15, 154, 0, 0, 8, 248, 0, 0, 254, 52, 255, 255, 252, 203, 255, 255, 3, 70, 0, 0, 255, 87, 255, 255, 252, 45, 255, 255, 15, 122, 0, 0, 8, 246, 0, 0, 2, 19, 0, 0, 0, 206, 0, 0, 1, 52, 0, 0, 255, 27, 255, 255, 2, 156, 0, 0, 22, 172]
MSG to BYD
Request recieved
CRC - OK: (228, 58)
MSG: [1, 3, 1, 2, 0, 16, 228, 58]
Register: 
MSG to BYD
found reply
 ->Length: 32
CRC OK: (174, 207)
MSG: [1, 3, 32, 8, 249, 0, 0, 15, 139, 0, 0, 0, 63, 0, 0, 18, 7, 0, 0, 241, 23, 255, 255, 0, 17, 0, 0, 0, 0, 0, 0, 1, 244, 0, 0, 174, 207]
MSG to BYD
Request recieved
CRC - OK: (165, 239)
MSG: [1, 3, 1, 30, 0, 42, 165, 239]
Register: 
MSG to BYD
found reply
 ->Length: 84
CRC OK: (166, 50)
MSG: [1, 3, 84, 15, 143, 0, 0, 9, 0, 0, 0, 6, 84, 0, 0, 2, 134, 0, 0, 13, 150, 0, 0, 242, 166, 255, 255, 0, 186, 0, 0, 15, 154, 0, 0, 8, 248, 0, 0, 254, 63, 255, 255, 252, 222, 255, 255, 3, 51, 0, 0, 255, 86, 255, 255, 252, 46, 255, 255, 15, 120, 0, 0, 8, 245, 0, 0, 2, 17, 0, 0, 0, 218, 0, 0, 1, 60, 0, 0, 255, 27, 255, 255, 2, 178, 0, 0, 166, 50]
MSG to BYD
Request recieved
CRC - OK: (228, 58)
MSG: [1, 3, 1, 2, 0, 16, 228, 58]
Register: 
MSG to BYD
found reply
 ->Length: 32
CRC OK: (54, 197)
MSG: [1, 3, 32, 8, 250, 0, 0, 15, 139, 0, 0, 0, 129, 0, 0, 17, 204, 0, 0, 241, 34, 255, 255, 0, 34, 0, 0, 0, 0, 0, 0, 1, 244, 0, 0, 54, 197]
MSG to BYD
Request recieved
CRC - OK: (165, 239)
MSG: [1, 3, 1, 30, 0, 42, 165, 239]
Register: 
MSG to BYD
found reply
 ->Length: 84
CRC OK: (206, 34)
MSG: [1, 3, 84, 15, 124, 0, 0, 9, 0, 0, 0, 6, 73, 0, 0, 2, 95, 0, 0, 13, 125, 0, 0, 242, 185, 255, 255, 0, 176, 0, 0, 15, 174, 0, 0, 8, 249, 0, 0, 254, 82, 255, 255, 253, 33, 255, 255, 2, 244, 0, 0, 255, 82, 255, 255, 252, 51, 255, 255, 15, 120, 0, 0, 8, 245, 0, 0, 2, 22, 0, 0, 1, 1, 0, 0, 1, 90, 0, 0, 255, 25, 255, 255, 2, 231, 0, 0, 206, 34]
Traceback (most recent call last):
  File "/Users/manuel/Documents/GitHub/reversing-fronius-wr/logger/main.py", line 43, in <module>
    ser_bytes = ser.read()
  File "/Users/manuel/Documents/GitHub/reversing-fronius-wr/logger/venv/lib/python2.7/site-packages/serial/serialposix.py", line 565, in read
    ready, _, _ = select.select([self.fd, self.pipe_abort_read_r], [], [], timeout.time_left())
KeyboardInterrupt

Process finished with exit code 1
