/Users/manuel/Documents/GitHub/reversing-fronius-wr/logger/venv/bin/python /Users/manuel/Documents/GitHub/reversing-fronius-wr/logger/main.py
Connected to: /dev/cu.usbserial-A50285BI
MSG to BYD
Request recieved
CRC - OK: (228, 58)
MSG: [1, 3, 1, 2, 0, 16, 228, 58]
Register: 
MSG to BYD
found reply
 ->Length: 32
CRC OK: (28, 86)
MSG: [1, 3, 32, 8, 238, 0, 0, 15, 120, 0, 0, 16, 238, 0, 0, 25, 23, 0, 0, 243, 7, 255, 255, 3, 26, 0, 0, 0, 0, 0, 0, 1, 244, 0, 0, 28, 86]
MSG to BYD
Request recieved
CRC - OK: (165, 239)
MSG: [1, 3, 1, 30, 0, 42, 165, 239]
Register: 
MSG to BYD
found reply
 ->Length: 84
CRC OK: (159, 77)
MSG: [1, 3, 84, 15, 115, 0, 0, 8, 241, 0, 0, 6, 229, 0, 0, 7, 40, 0, 0, 14, 193, 0, 0, 243, 25, 255, 255, 1, 229, 0, 0, 15, 118, 0, 0, 8, 230, 0, 0, 0, 224, 0, 0, 0, 50, 0, 0, 0, 187, 0, 0, 0, 180, 0, 0, 1, 16, 0, 0, 15, 128, 0, 0, 8, 245, 0, 0, 4, 245, 0, 0, 9, 146, 0, 0, 9, 154, 0, 0, 255, 58, 255, 255, 3, 229, 0, 0, 159, 77]
MSG to BYD
Request recieved
CRC - OK: (228, 58)
MSG: [1, 3, 1, 2, 0, 16, 228, 58]
Register: 
MSG to BYD
found reply
 ->Length: 32
CRC OK: (13, 148)
MSG: [1, 3, 32, 8, 238, 0, 0, 15, 120, 0, 0, 16, 145, 0, 0, 24, 186, 0, 0, 243, 69, 255, 255, 3, 26, 0, 0, 0, 0, 0, 0, 1, 244, 0, 0, 13, 148]
MSG to BYD
Request recieved
CRC - OK: (165, 239)
MSG: [1, 3, 1, 30, 0, 42, 165, 239]
Register: 
MSG to BYD
found reply
 ->Length: 84
CRC OK: (52, 0)
MSG: [1, 3, 84, 15, 114, 0, 0, 8, 240, 0, 0, 6, 195, 0, 0, 6, 225, 0, 0, 14, 112, 0, 0, 243, 79, 255, 255, 1, 221, 0, 0, 15, 118, 0, 0, 8, 230, 0, 0, 0, 219, 0, 0, 0, 40, 0, 0, 0, 187, 0, 0, 0, 183, 0, 0, 0, 216, 0, 0, 15, 127, 0, 0, 8, 245, 0, 0, 4, 243, 0, 0, 9, 135, 0, 0, 9, 143, 0, 0, 255, 63, 255, 255, 3, 229, 0, 0, 52, 0]
MSG to BYD
Request recieved
CRC - OK: (228, 58)
MSG: [1, 3, 1, 2, 0, 16, 228, 58]
Register: 
MSG to BYD
found reply
 ->Length: 32
CRC OK: (2, 208)
MSG: [1, 3, 32, 8, 238, 0, 0, 15, 120, 0, 0, 16, 145, 0, 0, 24, 186, 0, 0, 243, 69, 255, 255, 3, 25, 0, 0, 0, 0, 0, 0, 1, 244, 0, 0, 2, 208]
MSG to BYD
Request recieved
CRC - OK: (165, 239)
MSG: [1, 3, 1, 30, 0, 42, 165, 239]
Register: 
MSG to BYD
found reply
 ->Length: 84
CRC OK: (52, 0)
MSG: [1, 3, 84, 15, 114, 0, 0, 8, 240, 0, 0, 6, 195, 0, 0, 6, 225, 0, 0, 14, 112, 0, 0, 243, 79, 255, 255, 1, 221, 0, 0, 15, 118, 0, 0, 8, 230, 0, 0, 0, 219, 0, 0, 0, 40, 0, 0, 0, 187, 0, 0, 0, 183, 0, 0, 0, 216, 0, 0, 15, 127, 0, 0, 8, 245, 0, 0, 4, 243, 0, 0, 9, 135, 0, 0, 9, 143, 0, 0, 255, 63, 255, 255, 3, 229, 0, 0, 52, 0]
MSG to BYD
Request recieved
CRC - OK: (228, 58)
MSG: [1, 3, 1, 2, 0, 16, 228, 58]
Register: 
MSG to BYD
found reply
 ->Length: 32
CRC OK: (183, 24)
MSG: [1, 3, 32, 8, 237, 0, 0, 15, 118, 0, 0, 47, 233, 0, 0, 56, 11, 0, 0, 243, 20, 255, 255, 3, 197, 0, 0, 0, 0, 0, 0, 1, 244, 0, 0, 183, 24]
MSG to BYD
Request recieved
CRC - OK: (165, 239)
MSG: [1, 3, 1, 30, 0, 42, 165, 239]
Register: 
MSG to BYD
found reply
 ->Length: 84
CRC OK: (3, 44)
MSG: [1, 3, 84, 15, 115, 0, 0, 8, 242, 0, 0, 6, 211, 0, 0, 6, 246, 0, 0, 14, 141, 0, 0, 243, 57, 255, 255, 1, 222, 0, 0, 15, 134, 0, 0, 8, 229, 0, 0, 0, 221, 0, 0, 0, 38, 0, 0, 0, 175, 0, 0, 0, 171, 0, 0, 0, 218, 0, 0, 15, 106, 0, 0, 8, 242, 0, 0, 18, 215, 0, 0, 40, 204, 0, 0, 40, 206, 0, 0, 255, 48, 255, 255, 3, 232, 0, 0, 3, 44]
MSG to BYD
Request recieved
CRC - OK: (228, 58)
MSG: [1, 3, 1, 2, 0, 16, 228, 58]
Register: 
MSG to BYD
found reply
 ->Length: 32
CRC OK: (26, 103)
MSG: [1, 3, 32, 8, 238, 0, 0, 15, 120, 0, 0, 16, 138, 0, 0, 24, 203, 0, 0, 243, 48, 255, 255, 3, 23, 0, 0, 0, 0, 0, 0, 1, 244, 0, 0, 26, 103]
MSG to BYD
Request recieved
CRC - OK: (165, 239)
MSG: [1, 3, 1, 30, 0, 42, 165, 239]
Register: 
MSG to BYD
found reply
 ->Length: 84
CRC OK: (198, 123)
MSG: [1, 3, 84, 15, 113, 0, 0, 8, 240, 0, 0, 6, 199, 0, 0, 6, 208, 0, 0, 14, 118, 0, 0, 243, 62, 255, 255, 1, 215, 0, 0, 15, 118, 0, 0, 8, 229, 0, 0, 0, 217, 0, 0, 0, 36, 0, 0, 0, 182, 0, 0, 0, 179, 0, 0, 0, 200, 0, 0, 15, 128, 0, 0, 8, 246, 0, 0, 4, 255, 0, 0, 9, 150, 0, 0, 9, 157, 0, 0, 255, 64, 255, 255, 3, 229, 0, 0, 198, 123]
MSG to BYD
Request recieved
CRC - OK: (69, 54)
MSG: [1, 3, 4, 0, 0, 16, 69, 54]
Register: 
MSG to BYD
found reply
 ->Length: 32
CRC OK: (64, 183)
MSG: [1, 3, 32, 15, 8, 0, 0, 2, 232, 0, 0, 0, 94, 0, 0, 2, 201, 0, 0, 2, 93, 0, 0, 0, 3, 0, 0, 7, 223, 0, 0, 0, 152, 0, 0, 64, 183]
MSG to BYD
Request recieved
CRC - OK: (228, 58)
MSG: [1, 3, 1, 2, 0, 16, 228, 58]
Register: 
MSG to BYD
found reply
 ->Length: 32
CRC OK: (199, 65)
MSG: [1, 3, 32, 8, 238, 0, 0, 15, 120, 0, 0, 17, 153, 0, 0, 25, 123, 0, 0, 243, 2, 255, 255, 3, 36, 0, 0, 0, 0, 0, 0, 1, 244, 0, 0, 199, 65]
MSG to BYD
Request recieved
CRC - OK: (165, 239)
MSG: [1, 3, 1, 30, 0, 42, 165, 239]
Register: 
MSG to BYD
found reply
 ->Length: 84
CRC OK: (218, 218)
MSG: [1, 3, 84, 15, 113, 0, 0, 8, 240, 0, 0, 7, 1, 0, 0, 7, 176, 0, 0, 15, 1, 0, 0, 243, 29, 255, 255, 2, 0, 0, 0, 15, 118, 0, 0, 8, 229, 0, 0, 0, 221, 0, 0, 0, 46, 0, 0, 0, 182, 0, 0, 0, 176, 0, 0, 0, 252, 0, 0, 15, 128, 0, 0, 8, 246, 0, 0, 5, 6, 0, 0, 9, 187, 0, 0, 9, 195, 0, 0, 255, 52, 255, 255, 3, 229, 0, 0, 218, 218]
MSG to BYD
Request recieved
CRC - OK: (228, 58)
MSG: [1, 3, 1, 2, 0, 16, 228, 58]
Register: 
MSG to BYD
found reply
 ->Length: 32
CRC OK: (153, 232)
MSG: [1, 3, 32, 8, 237, 0, 0, 15, 118, 0, 0, 16, 154, 0, 0, 24, 196, 0, 0, 243, 39, 255, 255, 3, 23, 0, 0, 0, 0, 0, 0, 1, 244, 0, 0, 153, 232]
MSG to BYD
Request recieved
CRC - OK: (165, 239)
MSG: [1, 3, 1, 30, 0, 42, 165, 239]
Register: 
MSG to BYD
found reply
 ->Length: 84
CRC OK: (193, 104)
MSG: [1, 3, 84, 15, 111, 0, 0, 8, 239, 0, 0, 6, 204, 0, 0, 6, 240, 0, 0, 14, 133, 0, 0, 243, 63, 255, 255, 1, 222, 0, 0, 15, 136, 0, 0, 8, 228, 0, 0, 0, 216, 0, 0, 0, 33, 0, 0, 0, 174, 0, 0, 0, 171, 0, 0, 0, 193, 0, 0, 15, 106, 0, 0, 8, 245, 0, 0, 4, 241, 0, 0, 9, 136, 0, 0, 9, 144, 0, 0, 255, 61, 255, 255, 3, 229, 0, 0, 193, 104]
MSG to BYD
Request recieved
CRC - OK: (228, 58)
MSG: [1, 3, 1, 2, 0, 16, 228, 58]
Register: 
MSG to BYD
found reply
 ->Length: 32
CRC OK: (153, 232)
MSG: [1, 3, 32, 8, 237, 0, 0, 15, 118, 0, 0, 16, 154, 0, 0, 24, 196, 0, 0, 243, 39, 255, 255, 3, 23, 0, 0, 0, 0, 0, 0, 1, 244, 0, 0, 153, 232]
MSG to BYD
Request recieved
CRC - OK: (165, 239)
MSG: [1, 3, 1, 30, 0, 42, 165, 239]
Register: 
MSG to BYD
found reply
 ->Length: 84
CRC OK: (196, 107)
MSG: [1, 3, 84, 15, 112, 0, 0, 8, 240, 0, 0, 6, 202, 0, 0, 6, 221, 0, 0, 14, 123, 0, 0, 243, 64, 255, 255, 1, 222, 0, 0, 15, 114, 0, 0, 8, 228, 0, 0, 0, 222, 0, 0, 0, 45, 0, 0, 0, 174, 0, 0, 0, 168, 0, 0, 0, 193, 0, 0, 15, 124, 0, 0, 8, 242, 0, 0, 9, 24, 0, 0, 14, 242, 0, 0, 14, 248, 0, 0, 255, 49, 255, 255, 3, 229, 0, 0, 196, 107]
MSG to BYD
Request recieved
CRC - OK: (228, 58)
MSG: [1, 3, 1, 2, 0, 16, 228, 58]
Register: 
MSG to BYD
found reply
 ->Length: 32
CRC OK: (156, 230)
MSG: [1, 3, 32, 8, 236, 0, 0, 15, 117, 0, 0, 21, 253, 0, 0, 30, 34, 0, 0, 243, 25, 255, 255, 3, 94, 0, 0, 0, 0, 0, 0, 1, 244, 0, 0, 156, 230]
MSG to BYD
Request recieved
CRC - OK: (165, 239)
MSG: [1, 3, 1, 30, 0, 42, 165, 239]
Register: 
MSG to BYD
found reply
 ->Length: 84
CRC OK: (5, 175)
MSG: [1, 3, 84, 15, 112, 0, 0, 8, 240, 0, 0, 6, 202, 0, 0, 6, 221, 0, 0, 14, 123, 0, 0, 243, 64, 255, 255, 1, 218, 0, 0, 15, 114, 0, 0, 8, 228, 0, 0, 0, 222, 0, 0, 0, 45, 0, 0, 0, 174, 0, 0, 0, 168, 0, 0, 1, 3, 0, 0, 15, 124, 0, 0, 8, 242, 0, 0, 9, 24, 0, 0, 14, 242, 0, 0, 14, 248, 0, 0, 255, 49, 255, 255, 3, 231, 0, 0, 5, 175]
MSG to BYD
Request recieved
CRC - OK: (228, 58)
MSG: [1, 3, 1, 2, 0, 16, 228, 58]
Register: 
MSG to BYD
found reply
 ->Length: 32
CRC OK: (155, 151)
MSG: [1, 3, 32, 8, 236, 0, 0, 15, 117, 0, 0, 16, 146, 0, 0, 24, 186, 0, 0, 243, 38, 255, 255, 3, 22, 0, 0, 0, 0, 0, 0, 1, 244, 0, 0, 155, 151]
MSG to BYD
Request recieved
CRC - OK: (165, 239)
MSG: [1, 3, 1, 30, 0, 42, 165, 239]
Register: 
MSG to BYD
found reply
 ->Length: 84
CRC OK: (0, 24)
MSG: [1, 3, 84, 15, 110, 0, 0, 8, 239, 0, 0, 6, 203, 0, 0, 6, 232, 0, 0, 14, 125, 0, 0, 243, 67, 255, 255, 1, 221, 0, 0, 15, 115, 0, 0, 8, 227, 0, 0, 0, 216, 0, 0, 0, 31, 0, 0, 0, 170, 0, 0, 0, 167, 0, 0, 0, 187, 0, 0, 15, 125, 0, 0, 8, 244, 0, 0, 4, 249, 0, 0, 9, 138, 0, 0, 9, 146, 0, 0, 255, 60, 255, 255, 3, 229, 0, 0, 0, 24]
MSG to BYD
Request recieved
CRC - OK: (228, 58)
MSG: [1, 3, 1, 2, 0, 16, 228, 58]
Register: 
MSG to BYD
found reply
 ->Length: 32
CRC OK: (76, 71)
MSG: [1, 3, 32, 8, 237, 0, 0, 15, 117, 0, 0, 16, 119, 0, 0, 24, 141, 0, 0, 243, 44, 255, 255, 3, 21, 0, 0, 0, 0, 0, 0, 1, 244, 0, 0, 76, 71]
MSG to BYD
Request recieved
CRC - OK: (165, 239)
MSG: [1, 3, 1, 30, 0, 42, 165, 239]
Register: 
MSG to BYD
found reply
 ->Length: 84
CRC OK: (214, 227)
MSG: [1, 3, 84, 15, 110, 0, 0, 8, 239, 0, 0, 6, 201, 0, 0, 6, 233, 0, 0, 14, 119, 0, 0, 243, 75, 255, 255, 1, 222, 0, 0, 15, 135, 0, 0, 8, 227, 0, 0, 0, 220, 0, 0, 0, 38, 0, 0, 0, 167, 0, 0, 0, 162, 0, 0, 0, 233, 0, 0, 15, 106, 0, 0, 8, 245, 0, 0, 4, 229, 0, 0, 9, 102, 0, 0, 9, 110, 0, 0, 255, 63, 255, 255, 3, 229, 0, 0, 214, 227]
MSG to BYD
Request recieved
CRC - OK: (228, 58)
MSG: [1, 3, 1, 2, 0, 16, 228, 58]
Register: 
MSG to BYD
found reply
 ->Length: 32
CRC OK: (79, 153)
MSG: [1, 3, 32, 8, 238, 0, 0, 15, 120, 0, 0, 16, 124, 0, 0, 24, 172, 0, 0, 243, 33, 255, 255, 3, 20, 0, 0, 0, 0, 0, 0, 1, 244, 0, 0, 79, 153]
MSG to BYD
Request recieved
CRC - OK: (165, 239)
MSG: [1, 3, 1, 30, 0, 42, 165, 239]
Register: 
MSG to BYD
found reply
 ->Length: 84
CRC OK: (80, 8)
MSG: [1, 3, 84, 15, 113, 0, 0, 8, 240, 0, 0, 6, 202, 0, 0, 6, 217, 0, 0, 14, 125, 0, 0, 243, 60, 255, 255, 1, 217, 0, 0, 15, 118, 0, 0, 8, 229, 0, 0, 0, 220, 0, 0, 0, 37, 0, 0, 0, 170, 0, 0, 0, 166, 0, 0, 0, 222, 0, 0, 15, 128, 0, 0, 8, 246, 0, 0, 4, 238, 0, 0, 9, 125, 0, 0, 9, 132, 0, 0, 255, 64, 255, 255, 3, 229, 0, 0, 80, 8]
MSG to BYD
Request recieved
CRC - OK: (228, 58)
MSG: [1, 3, 1, 2, 0, 16, 228, 58]
Register: 
MSG to BYD
found reply
 ->Length: 32
CRC OK: (135, 119)
MSG: [1, 3, 32, 8, 239, 0, 0, 15, 121, 0, 0, 16, 239, 0, 0, 24, 246, 0, 0, 243, 9, 255, 255, 3, 26, 0, 0, 0, 0, 0, 0, 1, 244, 0, 0, 135, 119]
MSG to BYD
Request recieved
CRC - OK: (165, 239)
MSG: [1, 3, 1, 30, 0, 42, 165, 239]
Register: 
MSG to BYD
found reply
 ->Length: 84
CRC OK: (56, 184)
MSG: [1, 3, 84, 15, 116, 0, 0, 8, 240, 0, 0, 6, 234, 0, 0, 7, 86, 0, 0, 14, 204, 0, 0, 243, 38, 255, 255, 1, 240, 0, 0, 15, 120, 0, 0, 8, 232, 0, 0, 0, 219, 0, 0, 0, 34, 0, 0, 0, 170, 0, 0, 0, 167, 0, 0, 0, 202, 0, 0, 15, 127, 0, 0, 8, 245, 0, 0, 4, 233, 0, 0, 9, 118, 0, 0, 9, 126, 0, 0, 255, 61, 255, 255, 3, 229, 0, 0, 56, 184]
MSG to BYD
Request recieved
CRC - OK: (228, 58)
MSG: [1, 3, 1, 2, 0, 16, 228, 58]
Register: 
MSG to BYD
found reply
 ->Length: 32
CRC OK: (135, 119)
MSG: [1, 3, 32, 8, 239, 0, 0, 15, 121, 0, 0, 16, 239, 0, 0, 24, 246, 0, 0, 243, 9, 255, 255, 3, 26, 0, 0, 0, 0, 0, 0, 1, 244, 0, 0, 135, 119]
MSG to BYD
Request recieved
CRC - OK: (165, 239)
MSG: [1, 3, 1, 30, 0, 42, 165, 239]
Register: 
MSG to BYD
found reply
 ->Length: 84
CRC OK: (56, 184)
MSG: [1, 3, 84, 15, 116, 0, 0, 8, 240, 0, 0, 6, 234, 0, 0, 7, 86, 0, 0, 14, 204, 0, 0, 243, 38, 255, 255, 1, 240, 0, 0, 15, 120, 0, 0, 8, 232, 0, 0, 0, 219, 0, 0, 0, 34, 0, 0, 0, 170, 0, 0, 0, 167, 0, 0, 0, 202, 0, 0, 15, 127, 0, 0, 8, 245, 0, 0, 4, 233, 0, 0, 9, 118, 0, 0, 9, 126, 0, 0, 255, 61, 255, 255, 3, 229, 0, 0, 56, 184]
MSG to BYD
Request recieved
CRC - OK: (228, 58)
MSG: [1, 3, 1, 2, 0, 16, 228, 58]
Register: 
MSG to BYD
found reply
 ->Length: 32
CRC OK: (208, 195)
MSG: [1, 3, 32, 8, 239, 0, 0, 15, 122, 0, 0, 17, 138, 0, 0, 25, 69, 0, 0, 243, 7, 255, 255, 3, 36, 0, 0, 0, 0, 0, 0, 1, 244, 0, 0, 208, 195]
MSG to BYD
Request recieved
CRC - OK: (165, 239)
MSG: [1, 3, 1, 30, 0, 42, 165, 239]
Register: 
MSG to BYD
found reply
 ->Length: 84
CRC OK: (186, 108)
MSG: [1, 3, 84, 15, 118, 0, 0, 8, 240, 0, 0, 7, 7, 0, 0, 7, 217, 0, 0, 15, 13, 0, 0, 243, 41, 255, 255, 2, 9, 0, 0, 15, 122, 0, 0, 8, 235, 0, 0, 0, 223, 0, 0, 0, 41, 0, 0, 0, 168, 0, 0, 0, 163, 0, 0, 0, 246, 0, 0, 15, 126, 0, 0, 8, 244, 0, 0, 4, 241, 0, 0, 9, 135, 0, 0, 9, 143, 0, 0, 255, 59, 255, 255, 3, 229, 0, 0, 186, 108]
MSG to BYD
Request recieved
CRC - OK: (69, 54)
MSG: [1, 3, 4, 0, 0, 16, 69, 54]
Register: 
MSG to BYD
found reply
 ->Length: 32
CRC OK: (238, 50)
MSG: [1, 3, 32, 15, 8, 0, 0, 2, 234, 0, 0, 0, 94, 0, 0, 2, 201, 0, 0, 2, 93, 0, 0, 0, 3, 0, 0, 7, 223, 0, 0, 0, 153, 0, 0, 238, 50]
MSG to BYD
Request recieved
CRC - OK: (228, 58)
MSG: [1, 3, 1, 2, 0, 16, 228, 58]
Register: 
MSG to BYD
found reply
 ->Length: 32
CRC OK: (123, 32)
MSG: [1, 3, 32, 8, 238, 0, 0, 15, 120, 0, 0, 46, 155, 0, 0, 54, 203, 0, 0, 242, 251, 255, 255, 3, 195, 0, 0, 0, 0, 0, 0, 1, 244, 0, 0, 123, 32]
MSG to BYD
Request recieved
CRC - OK: (165, 239)
MSG: [1, 3, 1, 30, 0, 42, 165, 239]
Register: 
MSG to BYD
found reply
 ->Length: 84
CRC OK: (148, 163)
MSG: [1, 3, 84, 15, 120, 0, 0, 8, 242, 0, 0, 6, 200, 0, 0, 6, 201, 0, 0, 14, 116, 0, 0, 243, 61, 255, 255, 1, 213, 0, 0, 15, 116, 0, 0, 8, 235, 0, 0, 0, 221, 0, 0, 0, 31, 0, 0, 0, 161, 0, 0, 0, 158, 0, 0, 0, 193, 0, 0, 15, 122, 0, 0, 8, 238, 0, 0, 20, 28, 0, 0, 39, 179, 0, 0, 39, 181, 0, 0, 255, 33, 255, 255, 3, 232, 0, 0, 148, 163]
MSG to BYD
Request recieved
CRC - OK: (228, 58)
MSG: [1, 3, 1, 2, 0, 16, 228, 58]
Register: 
MSG to BYD
found reply
 ->Length: 32
CRC OK: (116, 77)
MSG: [1, 3, 32, 8, 238, 0, 0, 15, 120, 0, 0, 16, 170, 0, 0, 24, 212, 0, 0, 243, 19, 255, 255, 3, 22, 0, 0, 0, 0, 0, 0, 1, 244, 0, 0, 116, 77]
MSG to BYD
Request recieved
CRC - OK: (165, 239)
MSG: [1, 3, 1, 30, 0, 42, 165, 239]
Register: 
MSG to BYD
found reply
 ->Length: 84
CRC OK: (79, 244)
MSG: [1, 3, 84, 15, 118, 0, 0, 8, 240, 0, 0, 6, 208, 0, 0, 6, 227, 0, 0, 14, 135, 0, 0, 243, 54, 255, 255, 1, 218, 0, 0, 15, 119, 0, 0, 8, 235, 0, 0, 0, 221, 0, 0, 0, 39, 0, 0, 0, 166, 0, 0, 0, 162, 0, 0, 0, 238, 0, 0, 15, 123, 0, 0, 8, 241, 0, 0, 5, 26, 0, 0, 9, 158, 0, 0, 9, 166, 0, 0, 255, 60, 255, 255, 3, 229, 0, 0, 79, 244]
MSG to BYD
Request recieved
CRC - OK: (228, 58)
MSG: [1, 3, 1, 2, 0, 16, 228, 58]
Register: 
MSG to BYD
found reply
 ->Length: 32
CRC OK: (94, 74)
MSG: [1, 3, 32, 8, 238, 0, 0, 15, 120, 0, 0, 16, 130, 0, 0, 24, 218, 0, 0, 242, 241, 255, 255, 3, 16, 0, 0, 0, 0, 0, 0, 1, 244, 0, 0, 94, 74]
MSG to BYD
Request recieved
CRC - OK: (165, 239)
MSG: [1, 3, 1, 30, 0, 42, 165, 239]
Register: 
MSG to BYD
found reply
 ->Length: 84
CRC OK: (39, 217)
MSG: [1, 3, 84, 15, 118, 0, 0, 8, 240, 0, 0, 6, 216, 0, 0, 6, 217, 0, 0, 14, 158, 0, 0, 243, 22, 255, 255, 1, 213, 0, 0, 15, 119, 0, 0, 8, 235, 0, 0, 0, 217, 0, 0, 0, 28, 0, 0, 0, 166, 0, 0, 0, 164, 0, 0, 0, 170, 0, 0, 15, 123, 0, 0, 8, 241, 0, 0, 4, 244, 0, 0, 9, 140, 0, 0, 9, 149, 0, 0, 255, 55, 255, 255, 3, 229, 0, 0, 39, 217]
MSG to BYD
Request recieved
CRC - OK: (228, 58)
MSG: [1, 3, 1, 2, 0, 16, 228, 58]
Register: 
MSG to BYD
found reply
 ->Length: 32
CRC OK: (94, 74)
MSG: [1, 3, 32, 8, 238, 0, 0, 15, 120, 0, 0, 16, 130, 0, 0, 24, 218, 0, 0, 242, 241, 255, 255, 3, 16, 0, 0, 0, 0, 0, 0, 1, 244, 0, 0, 94, 74]
MSG to BYD
Request recieved
CRC - OK: (165, 239)
MSG: [1, 3, 1, 30, 0, 42, 165, 239]
Register: 
MSG to BYD
found reply
 ->Length: 84
CRC OK: (8, 56)
MSG: [1, 3, 84, 15, 118, 0, 0, 8, 241, 0, 0, 6, 199, 0, 0, 6, 176, 0, 0, 14, 122, 0, 0, 243, 42, 255, 255, 1, 206, 0, 0, 15, 118, 0, 0, 8, 234, 0, 0, 0, 222, 0, 0, 0, 34, 0, 0, 0, 161, 0, 0, 0, 158, 0, 0, 0, 212, 0, 0, 15, 124, 0, 0, 8, 241, 0, 0, 4, 225, 0, 0, 9, 95, 0, 0, 9, 103, 0, 0, 255, 61, 255, 255, 3, 229, 0, 0, 8, 56]
MSG to BYD
Request recieved
CRC - OK: (228, 58)
MSG: [1, 3, 1, 2, 0, 16, 228, 58]
Register: 
MSG to BYD
found reply
 ->Length: 32
CRC OK: (164, 10)
MSG: [1, 3, 32, 8, 238, 0, 0, 15, 120, 0, 0, 16, 49, 0, 0, 24, 131, 0, 0, 243, 4, 255, 255, 3, 12, 0, 0, 0, 0, 0, 0, 1, 244, 0, 0, 164, 10]
MSG to BYD
Request recieved
CRC - OK: (165, 239)
MSG: [1, 3, 1, 30, 0, 42, 165, 239]
Register: 
MSG to BYD
found reply
 ->Length: 84
CRC OK: (8, 56)
MSG: [1, 3, 84, 15, 118, 0, 0, 8, 241, 0, 0, 6, 199, 0, 0, 6, 176, 0, 0, 14, 122, 0, 0, 243, 42, 255, 255, 1, 206, 0, 0, 15, 118, 0, 0, 8, 234, 0, 0, 0, 222, 0, 0, 0, 34, 0, 0, 0, 161, 0, 0, 0, 158, 0, 0, 0, 212, 0, 0, 15, 124, 0, 0, 8, 241, 0, 0, 4, 225, 0, 0, 9, 95, 0, 0, 9, 103, 0, 0, 255, 61, 255, 255, 3, 229, 0, 0, 8, 56]
MSG to BYD
Request recieved
CRC - OK: (228, 58)
MSG: [1, 3, 1, 2, 0, 16, 228, 58]
Register: 
MSG to BYD
found reply
 ->Length: 32
CRC OK: (243, 208)
MSG: [1, 3, 32, 8, 237, 0, 0, 15, 118, 0, 0, 16, 30, 0, 0, 24, 90, 0, 0, 243, 42, 255, 255, 3, 14, 0, 0, 0, 0, 0, 0, 1, 244, 0, 0, 243, 208]
MSG to BYD
Request recieved
CRC - OK: (165, 239)
MSG: [1, 3, 1, 30, 0, 42, 165, 239]
Register: 
MSG to BYD
found reply
 ->Length: 84
CRC OK: (215, 128)
MSG: [1, 3, 84, 15, 116, 0, 0, 8, 236, 0, 0, 6, 184, 0, 0, 6, 155, 0, 0, 14, 79, 0, 0, 243, 79, 255, 255, 1, 206, 0, 0, 15, 120, 0, 0, 8, 236, 0, 0, 0, 222, 0, 0, 0, 34, 0, 0, 0, 163, 0, 0, 0, 159, 0, 0, 0, 211, 0, 0, 15, 120, 0, 0, 8, 241, 0, 0, 4, 225, 0, 0, 9, 96, 0, 0, 9, 104, 0, 0, 255, 59, 255, 255, 3, 229, 0, 0, 215, 128]
MSG to BYD
Request recieved
CRC - OK: (228, 58)
MSG: [1, 3, 1, 2, 0, 16, 228, 58]
Register: 
MSG to BYD
found reply
 ->Length: 32
CRC OK: (158, 140)
MSG: [1, 3, 32, 8, 238, 0, 0, 15, 119, 0, 0, 32, 240, 0, 0, 41, 30, 0, 0, 242, 247, 255, 255, 3, 162, 0, 0, 0, 0, 0, 0, 1, 244, 0, 0, 158, 140]
MSG to BYD
Request recieved
CRC - OK: (165, 239)
MSG: [1, 3, 1, 30, 0, 42, 165, 239]
Register: 
MSG to BYD
found reply
 ->Length: 84
CRC OK: (60, 119)
MSG: [1, 3, 84, 15, 116, 0, 0, 8, 237, 0, 0, 6, 194, 0, 0, 6, 183, 0, 0, 14, 95, 0, 0, 243, 76, 255, 255, 1, 211, 0, 0, 15, 120, 0, 0, 8, 236, 0, 0, 0, 220, 0, 0, 0, 30, 0, 0, 0, 159, 0, 0, 0, 156, 0, 0, 0, 192, 0, 0, 15, 121, 0, 0, 8, 241, 0, 0, 15, 58, 0, 0, 26, 27, 0, 0, 26, 31, 0, 0, 255, 16, 255, 255, 3, 231, 0, 0, 60, 119]
MSG to BYD
Request recieved
CRC - OK: (228, 58)
MSG: [1, 3, 1, 2, 0, 16, 228, 58]
Register: 
MSG to BYD
found reply
 ->Length: 32
CRC OK: (215, 196)
MSG: [1, 3, 32, 8, 237, 0, 0, 15, 118, 0, 0, 30, 136, 0, 0, 38, 127, 0, 0, 243, 32, 255, 255, 3, 153, 0, 0, 0, 0, 0, 0, 1, 244, 0, 0, 215, 196]
MSG to BYD
Request recieved
CRC - OK: (165, 239)
MSG: [1, 3, 1, 30, 0, 42, 165, 239]
Register: 
MSG to BYD
found reply
 ->Length: 84
CRC OK: (219, 116)
MSG: [1, 3, 84, 15, 116, 0, 0, 8, 236, 0, 0, 6, 230, 0, 0, 7, 79, 0, 0, 14, 184, 0, 0, 243, 58, 255, 255, 1, 241, 0, 0, 15, 120, 0, 0, 8, 236, 0, 0, 0, 215, 0, 0, 0, 23, 0, 0, 0, 161, 0, 0, 0, 160, 0, 0, 0, 144, 0, 0, 15, 120, 0, 0, 8, 241, 0, 0, 13, 254, 0, 0, 23, 34, 0, 0, 23, 37, 0, 0, 255, 71, 255, 255, 3, 232, 0, 0, 219, 116]
MSG to BYD
Request recieved
CRC - OK: (228, 58)
MSG: [1, 3, 1, 2, 0, 16, 228, 58]
Register: 
MSG to BYD
found reply
 ->Length: 32
CRC OK: (168, 156)
MSG: [1, 3, 32, 8, 238, 0, 0, 15, 119, 0, 0, 17, 17, 0, 0, 24, 230, 0, 0, 243, 9, 255, 255, 3, 28, 0, 0, 0, 0, 0, 0, 1, 244, 0, 0, 168, 156]
MSG to BYD
Request recieved
CRC - OK: (165, 239)
MSG: [1, 3, 1, 30, 0, 42, 165, 239]
Register: 
MSG to BYD
found reply
 ->Length: 84
CRC OK: (106, 168)
MSG: [1, 3, 84, 15, 116, 0, 0, 8, 237, 0, 0, 6, 250, 0, 0, 7, 144, 0, 0, 14, 223, 0, 0, 243, 51, 255, 255, 1, 253, 0, 0, 15, 120, 0, 0, 8, 235, 0, 0, 0, 220, 0, 0, 0, 32, 0, 0, 0, 158, 0, 0, 0, 155, 0, 0, 0, 203, 0, 0, 15, 122, 0, 0, 8, 242, 0, 0, 4, 224, 0, 0, 9, 96, 0, 0, 9, 104, 0, 0, 255, 60, 255, 255, 3, 229, 0, 0, 106, 168]
MSG to BYD
Request recieved
CRC - OK: (228, 58)
MSG: [1, 3, 1, 2, 0, 16, 228, 58]
Register: 
MSG to BYD
found reply
 ->Length: 32
CRC OK: (168, 156)
MSG: [1, 3, 32, 8, 238, 0, 0, 15, 119, 0, 0, 17, 17, 0, 0, 24, 230, 0, 0, 243, 9, 255, 255, 3, 28, 0, 0, 0, 0, 0, 0, 1, 244, 0, 0, 168, 156]
MSG to BYD
Request recieved
CRC - OK: (165, 239)
MSG: [1, 3, 1, 30, 0, 42, 165, 239]
Register: 
MSG to BYD
found reply
 ->Length: 84
CRC OK: (106, 168)
MSG: [1, 3, 84, 15, 116, 0, 0, 8, 237, 0, 0, 6, 250, 0, 0, 7, 144, 0, 0, 14, 223, 0, 0, 243, 51, 255, 255, 1, 253, 0, 0, 15, 120, 0, 0, 8, 235, 0, 0, 0, 220, 0, 0, 0, 32, 0, 0, 0, 158, 0, 0, 0, 155, 0, 0, 0, 203, 0, 0, 15, 122, 0, 0, 8, 242, 0, 0, 4, 224, 0, 0, 9, 96, 0, 0, 9, 104, 0, 0, 255, 60, 255, 255, 3, 229, 0, 0, 106, 168]
MSG to BYD
Request recieved
CRC - OK: (69, 54)
MSG: [1, 3, 4, 0, 0, 16, 69, 54]
Register: 
MSG to BYD
found reply
 ->Length: 32
CRC OK: (164, 244)
MSG: [1, 3, 32, 15, 8, 0, 0, 2, 235, 0, 0, 0, 94, 0, 0, 2, 202, 0, 0, 2, 93, 0, 0, 0, 3, 0, 0, 7, 223, 0, 0, 0, 154, 0, 0, 164, 244]
MSG to BYD
Request recieved
CRC - OK: (228, 58)
MSG: [1, 3, 1, 2, 0, 16, 228, 58]
Register: 
MSG to BYD
found reply
 ->Length: 32
CRC OK: (123, 167)
MSG: [1, 3, 32, 8, 238, 0, 0, 15, 119, 0, 0, 16, 56, 0, 0, 24, 108, 0, 0, 243, 30, 255, 255, 3, 15, 0, 0, 0, 0, 0, 0, 1, 244, 0, 0, 123, 167]
MSG to BYD
Request recieved
CRC - OK: (165, 239)
MSG: [1, 3, 1, 30, 0, 42, 165, 239]
Register: 
MSG to BYD
found reply
 ->Length: 84
CRC OK: (111, 14)
MSG: [1, 3, 84, 15, 116, 0, 0, 8, 237, 0, 0, 6, 199, 0, 0, 6, 214, 0, 0, 14, 118, 0, 0, 243, 66, 255, 255, 1, 217, 0, 0, 15, 120, 0, 0, 8, 235, 0, 0, 0, 216, 0, 0, 0, 21, 0, 0, 0, 160, 0, 0, 0, 159, 0, 0, 0, 132, 0, 0, 15, 122, 0, 0, 8, 242, 0, 0, 4, 216, 0, 0, 9, 76, 0, 0, 9, 84, 0, 0, 255, 61, 255, 255, 3, 229, 0, 0, 111, 14]
MSG to BYD
Request recieved
CRC - OK: (228, 58)
MSG: [1, 3, 1, 2, 0, 16, 228, 58]
Register: 
MSG to BYD
found reply
 ->Length: 32
CRC OK: (150, 205)
MSG: [1, 3, 32, 8, 238, 0, 0, 15, 120, 0, 0, 16, 50, 0, 0, 24, 96, 0, 0, 243, 26, 255, 255, 3, 14, 0, 0, 0, 0, 0, 0, 1, 244, 0, 0, 150, 205]
MSG to BYD
Request recieved
CRC - OK: (165, 239)
MSG: [1, 3, 1, 30, 0, 42, 165, 239]
Register: 
MSG to BYD
found reply
 ->Length: 84
CRC OK: (243, 207)
MSG: [1, 3, 84, 15, 116, 0, 0, 8, 237, 0, 0, 6, 198, 0, 0, 6, 203, 0, 0, 14, 113, 0, 0, 243, 66, 255, 255, 1, 215, 0, 0, 15, 121, 0, 0, 8, 235, 0, 0, 0, 220, 0, 0, 0, 26, 0, 0, 0, 155, 0, 0, 0, 152, 0, 0, 0, 171, 0, 0, 15, 122, 0, 0, 8, 243, 0, 0, 4, 217, 0, 0, 9, 76, 0, 0, 9, 84, 0, 0, 255, 63, 255, 255, 3, 229, 0, 0, 243, 207]
Traceback (most recent call last):
  File "/Users/manuel/Documents/GitHub/reversing-fronius-wr/logger/main.py", line 43, in <module>
    ser_bytes = ser.read()
  File "/Users/manuel/Documents/GitHub/reversing-fronius-wr/logger/venv/lib/python2.7/site-packages/serial/serialposix.py", line 565, in read
    ready, _, _ = select.select([self.fd, self.pipe_abort_read_r], [], [], timeout.time_left())
KeyboardInterrupt

Process finished with exit code 1
